0.74
0.84
0.88
0.92
0.91
0.76
0.85
0.76
0.49
0.53
0.7
0.66
0.56
0.71
0.71
0.8
0.75
0.73
0.93
0.83
0.9
0.95
0.93
0.85
0.87
0.92
0.96
0.95
0.83
0.88
0.81
0.89
0.82
0.72
0.86
0.87
0.72
0.73
0.74
0.51
0.73
0.6
0.7
0.89
0.79
0.88
0.88
0.85
0.76
0.72
0.87
0.77
0.47
0.48
0.63
0.66
0.68
0.85
0.9
0.75
0.89
0.82
0.84
0.58
0.65
0.75
0.82
0.95
0.43
0.64
0.76
0.85
0.95
0.89
0.97
0.83
0.84
0.97
0.94
0.98
0.9
0.89
0.97
0.92
0.96
0.62
0.48
0.58
0.86
0.9
0.92
0.86
0.84
0.97
0.97
0.82
0.83
0.93
0.94
0.77
0.97
0.95
0.88
0.94
0.92
0.91
0.86
0.94
0.85
0.4
0.47
0.53
0.83
0.99
0.99
0.99
0.98
0.99
0.98
0.97
0.97
0.98
0.94
0.95
0.99
1.0
1.0
0.99
0.97
1.0
0.99
1.0
1.0
0.97
0.85
0.94
0.93
0.63
0.85
0.68
0.76
0.68
0.68
0.65
0.73
0.75
0.91
0.93
0.79
0.91
0.86
0.69
0.88
0.81
0.97
0.95
0.92
0.92
0.9
0.86
0.48
0.47
0.42
0.92
0.9
0.36
0.48
0.34
0.51
0.55
0.71
0.52
0.47
0.61
0.76
0.75
0.73
0.75
0.75
0.61
0.46
0.49
0.54
0.58
0.45
0.59
0.75
0.84
0.98
0.98
0.92
0.91
0.82
0.76
0.56
0.59
0.73
0.82
0.97
0.96
0.91
0.81
0.76
0.82
0.87
0.92
0.91
0.94
0.95
0.98
0.95
0.92
0.91
0.93
0.99
0.93
0.98
0.96
0.95
0.95
0.95
0.96
0.95
0.86
0.64
0.66
0.73
0.72
0.41
0.68
0.78
0.94
0.91
0.97
0.99
1.0
0.99
0.97
0.96
0.92
0.96
0.96
0.92
0.89
0.93
0.95
0.94
0.73
0.67
0.85
0.81
0.91
0.68
0.79
0.62
0.97
0.99
0.97
0.98
0.98
0.96
0.83
0.96
0.88
0.96
0.88
0.91
0.79
0.78
0.96
0.94
0.96
0.95
1.0
0.92
0.97
0.98
0.59
0.72
0.66
0.95
0.91
0.88
0.69
0.98
0.98
1.0
0.99
0.94
0.93
0.96
0.98
0.93
0.71
0.83
0.99
0.93
0.7
0.97
0.97
0.98
0.97
0.47
0.53
0.7
0.51
0.6
0.85
0.74
0.64
0.87
0.89
0.86
0.88
0.8
0.79
0.79
0.42
0.49
0.58
0.78
0.83
0.81
0.77
0.78
0.84
0.92
0.91
0.97
0.79
0.62
0.83
0.83
0.53
0.51
0.82
0.96
0.98
0.97
1.0
0.97
0.95
1.0
0.99
0.98
1.0
0.99
0.95
0.99
0.99
1.0
1.0
0.99
0.67
0.56
0.57
0.43
0.37
1.0
0.95
1.0
0.98
1.0
1.0
1.0
1.0
1.0
1.0
1.0
1.0
0.99
1.0
0.97
0.97
1.0
0.98
0.99
1.0
0.99
0.89
0.92
0.6
0.72
1.0
1.0
1.0
1.0
0.99
1.0
1.0
1.0
1.0
0.99
0.98
1.0
0.97
1.0
0.98
1.0
1.0
1.0
1.0
0.96
1.0
1.0
0.97
0.97
1.0
0.93
1.0
1.0
1.0
0.97
1.0
1.0
1.0
1.0
1.0
0.98
0.98
1.0
0.98
0.99
1.0
0.97
0.92
1.0
0.94
0.89
0.79
0.81
0.79
0.73
0.74
0.98
0.98
0.99
0.96
0.96
0.96
0.96
0.9
0.95
0.98
0.99
0.99
0.98
0.97
0.91
0.97
0.95
0.9
0.87
0.91
0.96
0.92
0.95
0.96
0.93
0.98
0.96
0.96
0.84
0.78
0.85
0.82
0.85
0.8
0.82
0.82
0.67
0.74
